Temperatura Inicial,Temperatura Final,Alfa,Custo,Tempo Execucao
500,0.1,0.95,276,0.0
500,0.1,0.98,207,0.002
500,0.1,0.995,147,0.004
500,0.1,0.999,135,0.023
500,0.05,0.95,198,0.001
500,0.05,0.98,189,0.001
500,0.05,0.995,202,0.006
500,0.05,0.999,156,0.022
500,0.01,0.95,288,0.001
500,0.01,0.98,245,0.001
500,0.01,0.995,198,0.005
500,0.01,0.999,181,0.027
500,0.005,0.95,201,0.001
500,0.005,0.98,250,0.001
500,0.005,0.995,189,0.006
500,0.005,0.999,138,0.029
1000,0.1,0.95,238,0.0
1000,0.1,0.98,221,0.001
1000,0.1,0.995,163,0.005
1000,0.1,0.999,162,0.023
1000,0.05,0.95,311,0.001
1000,0.05,0.98,189,0.001
1000,0.05,0.995,182,0.005
1000,0.05,0.999,139,0.025
1000,0.01,0.95,261,0.001
1000,0.01,0.98,207,0.002
1000,0.01,0.995,147,0.006
1000,0.01,0.999,137,0.028
1000,0.005,0.95,299,0.001
1000,0.005,0.98,200,0.002
1000,0.005,0.995,199,0.006
1000,0.005,0.999,161,0.03
1500,0.1,0.95,285,0.0
1500,0.1,0.98,220,0.001
1500,0.1,0.995,172,0.006
1500,0.1,0.999,172,0.024
1500,0.05,0.95,265,0.0
1500,0.05,0.98,227,0.002
1500,0.05,0.995,210,0.005
1500,0.05,0.999,142,0.025
1500,0.01,0.95,293,0.0
1500,0.01,0.98,195,0.002
1500,0.01,0.995,193,0.006
1500,0.01,0.999,147,0.03
1500,0.005,0.95,246,0.001
1500,0.005,0.98,220,0.001
1500,0.005,0.995,161,0.006
1500,0.005,0.999,156,0.032
2000,0.1,0.95,206,0.001
2000,0.1,0.98,226,0.001
2000,0.1,0.995,191,0.005
2000,0.1,0.999,149,0.025
2000,0.05,0.95,301,0.0
2000,0.05,0.98,172,0.001
2000,0.05,0.995,211,0.005
2000,0.05,0.999,152,0.026
2000,0.01,0.95,185,0.001
2000,0.01,0.98,236,0.002
2000,0.01,0.995,213,0.006
2000,0.01,0.999,155,0.03
2000,0.005,0.95,166,0.0
2000,0.005,0.98,220,0.001
2000,0.005,0.995,209,0.007
2000,0.005,0.999,156,0.031
